n | reps done / reps | ker (reps) | ker (all blocks, x3) | largest block | sum dims reps | candidates tested | time s
69 | 29/29 | 0 | 0 | 6321715 | 20059385 | 105759 | 1633
70 | 26/26 | 0 | 0 | 5948691 | 17483461 | 113066 | 1364
71 | 28/28 | 0 | 0 | 6512651 | 19248443 | 141162 | 1428
72 | 29/29 | 0 | 0 | 8289332 | 26671062 | 211649 | 2353
73 | 28/28 | 0 | 0 | 7771395 | 23177350 | 199321 | 1756
74 | 28/28 | 0 | 0 | 8455776 | 25350295 | 229397 | 2248
75 | 29/29 | 0 | 0 | 10671314 | 34781790 | 322863 | 5012
76 | 30/30 | 0 | 0 | 9967147 | 30132638 | 292593 | 4606
77 | 28/28 | 0 | 0 | 10780032 | 32748329 | 326608 | 4099
78 | 29/29 | 0 | 0 | 13494357 | 44513162 | 453382 | 6511
79 | 30/30 | 0 | 0 | 12556150 | 38440021 | 470869 | 13254
80 | 28/28 | 0 | 0 | 13501078 | 41518466 | 558299 | 9380
81 | 29/29 | 0 | 0 | 16769439 | 55931969 | 762339 | 6034
82 | 30/30 | 1 | 3 | 15543600 | 48140866 | 834377 | 7578
kernel block (23, 32, 27) n = 82 : [1] terms
