m=11 n=0: h_n=1, 1 blocks, largest computed 0; kernel (known blocks) = 0; uncertified blocks: []; kernel blocks: {}  [1s]
m=11 n=1: h_n=3, 3 blocks, largest computed 0; kernel (known blocks) = 0; uncertified blocks: []; kernel blocks: {}  [1s]
m=11 n=2: h_n=6, 3 blocks, largest computed 0; kernel (known blocks) = 0; uncertified blocks: []; kernel blocks: {}  [1s]
m=11 n=3: h_n=12, 7 blocks, largest computed 0; kernel (known blocks) = 0; uncertified blocks: []; kernel blocks: {}  [1s]
m=11 n=4: h_n=21, 6 blocks, largest computed 0; kernel (known blocks) = 0; uncertified blocks: []; kernel blocks: {}  [1s]
m=11 n=5: h_n=36, 6 blocks, largest computed 0; kernel (known blocks) = 0; uncertified blocks: []; kernel blocks: {}  [1s]
m=11 n=6: h_n=60, 7 blocks, largest computed 0; kernel (known blocks) = 0; uncertified blocks: []; kernel blocks: {}  [1s]
m=11 n=7: h_n=96, 12 blocks, largest computed 0; kernel (known blocks) = 0; uncertified blocks: []; kernel blocks: {}  [1s]
m=11 n=8: h_n=150, 12 blocks, largest computed 0; kernel (known blocks) = 0; uncertified blocks: []; kernel blocks: {}  [1s]
m=11 n=9: h_n=228, 13 blocks, largest computed 0; kernel (known blocks) = 0; uncertified blocks: []; kernel blocks: {}  [1s]
m=11 n=10: h_n=342, 12 blocks, largest computed 0; kernel (known blocks) = 0; uncertified blocks: []; kernel blocks: {}  [1s]
m=11 n=11: h_n=501, 12 blocks, largest computed 0; kernel (known blocks) = 0; uncertified blocks: []; kernel blocks: {}  [1s]
m=11 n=12: h_n=721, 19 blocks, largest computed 0; kernel (known blocks) = 0; uncertified blocks: []; kernel blocks: {}  [1s]
m=11 n=13: h_n=1023, 18 blocks, largest computed 0; kernel (known blocks) = 0; uncertified blocks: []; kernel blocks: {}  [1s]
m=11 n=14: h_n=1428, 18 blocks, largest computed 0; kernel (known blocks) = 0; uncertified blocks: []; kernel blocks: {}  [1s]
m=11 n=15: h_n=1972, 19 blocks, largest computed 0; kernel (known blocks) = 0; uncertified blocks: []; kernel blocks: {}  [1s]
m=11 n=16: h_n=2688, 21 blocks, largest computed 0; kernel (known blocks) = 0; uncertified blocks: []; kernel blocks: {}  [1s]
m=11 n=17: h_n=3621, 21 blocks, largest computed 0; kernel (known blocks) = 0; uncertified blocks: []; kernel blocks: {}  [1s]
m=11 n=18: h_n=4828, 19 blocks, largest computed 0; kernel (known blocks) = 0; uncertified blocks: []; kernel blocks: {}  [1s]
m=11 n=19: h_n=6369, 27 blocks, largest computed 0; kernel (known blocks) = 0; uncertified blocks: []; kernel blocks: {}  [1s]
m=11 n=20: h_n=8325, 27 blocks, largest computed 0; kernel (known blocks) = 0; uncertified blocks: []; kernel blocks: {}  [1s]
m=11 n=21: h_n=10780, 31 blocks, largest computed 0; kernel (known blocks) = 0; uncertified blocks: []; kernel blocks: {}  [1s]
m=11 n=22: h_n=13839, 27 blocks, largest computed 0; kernel (known blocks) = 0; uncertified blocks: []; kernel blocks: {}  [1s]
m=11 n=23: h_n=17619, 27 blocks, largest computed 0; kernel (known blocks) = 0; uncertified blocks: []; kernel blocks: {}  [1s]
m=11 n=24: h_n=22252, 31 blocks, largest computed 0; kernel (known blocks) = 0; uncertified blocks: []; kernel blocks: {}  [1s]
m=11 n=25: h_n=27897, 30 blocks, largest computed 0; kernel (known blocks) = 0; uncertified blocks: []; kernel blocks: {}  [1s]
m=11 n=26: h_n=34710, 30 blocks, largest computed 0; kernel (known blocks) = 0; uncertified blocks: []; kernel blocks: {}  [1s]
m=11 n=27: h_n=42887, 37 blocks, largest computed 0; kernel (known blocks) = 0; uncertified blocks: []; kernel blocks: {}  [1s]
m=11 n=28: h_n=52632, 36 blocks, largest computed 0; kernel (known blocks) = 0; uncertified blocks: []; kernel blocks: {}  [1s]
m=11 n=29: h_n=64161, 36 blocks, largest computed 0; kernel (known blocks) = 0; uncertified blocks: []; kernel blocks: {}  [1s]
m=11 n=30: h_n=77726, 37 blocks, largest computed 0; kernel (known blocks) = 0; uncertified blocks: []; kernel blocks: {}  [2s]
m=11 n=31: h_n=93573, 42 blocks, largest computed 0; kernel (known blocks) = 0; uncertified blocks: []; kernel blocks: {}  [2s]
m=11 n=32: h_n=111978, 42 blocks, largest computed 0; kernel (known blocks) = 0; uncertified blocks: []; kernel blocks: {}  [2s]
m=11 n=33: h_n=133223, 37 blocks, largest computed 0; kernel (known blocks) = 0; uncertified blocks: []; kernel blocks: {}  [2s]
m=11 n=34: h_n=157599, 42 blocks, largest computed 0; kernel (known blocks) = 0; uncertified blocks: []; kernel blocks: {}  [3s]
m=11 n=35: h_n=185409, 42 blocks, largest computed 0; kernel (known blocks) = 0; uncertified blocks: []; kernel blocks: {}  [3s]
m=11 n=36: h_n=216944, 40 blocks, largest computed 0; kernel (known blocks) = 0; uncertified blocks: []; kernel blocks: {}  [4s]
m=11 n=37: h_n=252513, 48 blocks, largest computed 0; kernel (known blocks) = 0; uncertified blocks: []; kernel blocks: {}  [4s]
m=11 n=38: h_n=292395, 48 blocks, largest computed 0; kernel (known blocks) = 0; uncertified blocks: []; kernel blocks: {}  [5s]
m=11 n=39: h_n=336867, 49 blocks, largest computed 0; kernel (known blocks) = 0; uncertified blocks: []; kernel blocks: {}  [6s]
m=11 n=40: h_n=386196, 48 blocks, largest computed 0; kernel (known blocks) = 0; uncertified blocks: []; kernel blocks: {}  [7s]
m=11 n=41: h_n=440592, 48 blocks, largest computed 0; kernel (known blocks) = 0; uncertified blocks: []; kernel blocks: {}  [8s]
m=11 n=42: h_n=500268, 55 blocks, largest computed 0; kernel (known blocks) = 0; uncertified blocks: []; kernel blocks: {}  [9s]
m=11 n=43: h_n=565374, 48 blocks, largest computed 0; kernel (known blocks) = 0; uncertified blocks: []; kernel blocks: {}  [10s]
m=11 n=44: h_n=636015, 54 blocks, largest computed 0; kernel (known blocks) = 0; uncertified blocks: []; kernel blocks: {}  [12s]
m=11 n=45: h_n=712261, 55 blocks, largest computed 0; kernel (known blocks) = 0; uncertified blocks: []; kernel blocks: {}  [14s]
m=11 n=46: h_n=794097, 48 blocks, largest computed 0; kernel (known blocks) = 3; uncertified blocks: []; kernel blocks: {(12, 19, 15): 1, (15, 12, 19): 1, (19, 15, 12): 1}  [16s]
m=11 n=47: h_n=881460, 54 blocks, largest computed 0; kernel (known blocks) = 6; uncertified blocks: [((15, 15, 17), 67076, 28), ((15, 17, 15), 67076, 28), ((17, 15, 15), 67076, 28), ((15, 16, 16), 117162, 22), ((16, 15, 16), 117162, 22), ((16, 16, 15), 117162, 22)]; kernel blocks: {(12, 19, 16): 1, (13, 19, 15): 1, (15, 13, 19): 1, (16, 12, 19): 1, (19, 15, 13): 1, (19, 16, 12): 1}  [18s]
m=11 n=48: h_n=974205, 55 blocks, largest computed 0; kernel (known blocks) = 12; uncertified blocks: [((15, 16, 17), 88856, 36), ((16, 17, 15), 88856, 36), ((17, 15, 16), 88856, 36), ((15, 17, 16), 88856, 44), ((16, 15, 17), 88856, 44), ((17, 16, 15), 88856, 44), ((16, 16, 16), 154527, 30)]; kernel blocks: {(13, 19, 16): 2, (13, 20, 15): 1, (14, 19, 15): 1, (15, 13, 20): 1, (15, 14, 19): 1, (16, 13, 19): 2, (19, 15, 14): 1, (19, 16, 13): 2, (20, 15, 13): 1}  [21s]
m=11 n=49: h_n=1072125, 54 blocks, largest computed 0; kernel (known blocks) = 21; uncertified blocks: [((15, 16, 18), 45930, 42), ((16, 18, 15), 45930, 42), ((18, 15, 16), 45930, 42), ((15, 17, 17), 80491, 58), ((17, 15, 17), 80491, 58), ((17, 17, 15), 80491, 58), ((15, 18, 16), 45930, 73), ((16, 15, 18), 45930, 73), ((18, 16, 15), 45930, 73), ((16, 16, 17), 140864, 52), ((16, 17, 16), 140864, 52), ((17, 16, 16), 140864, 52)]; kernel blocks: {(13, 19, 17): 1, (13, 20, 16): 2, (14, 19, 16): 2, (14, 20, 15): 1, (15, 14, 20): 1, (15, 15, 19): 1, (15, 19, 15): 1, (16, 13, 20): 2, (16, 14, 19): 2, (17, 13, 19): 1, (19, 15, 15): 1, (19, 16, 14): 2, (19, 17, 13): 1, (20, 15, 14): 1, (20, 16, 13): 2}  [23s]
m=11 n=50: h_n=1174929, 54 blocks, largest computed 0; kernel (known blocks) = 36; uncertified blocks: [((15, 17, 18), 49850, 58), ((17, 18, 15), 49850, 58), ((18, 15, 17), 49850, 58), ((15, 18, 17), 49850, 100), ((17, 15, 18), 49850, 100), ((18, 17, 15), 49850, 100), ((16, 16, 18), 88820, 83), ((16, 18, 16), 88820, 83), ((18, 16, 16), 88820, 83), ((16, 17, 17), 153302, 76), ((17, 16, 17), 153302, 76), ((17, 17, 16), 153302, 76)]; kernel blocks: {(13, 20, 17): 2, (14, 19, 17): 2, (14, 20, 16): 4, (15, 15, 20): 1, (15, 16, 19): 1, (15, 19, 16): 2, (15, 20, 15): 1, (16, 14, 20): 4, (16, 15, 19): 2, (16, 19, 15): 1, (17, 13, 20): 2, (17, 14, 19): 2, (19, 15, 16): 1, (19, 16, 15): 2, (19, 17, 14): 2, (20, 15, 15): 1, (20, 16, 14): 4, (20, 17, 13): 2}  [27s]
m=11 n=51: h_n=1282234, 55 blocks, largest computed 3222; kernel (known blocks) = 45; uncertified blocks: [((15, 17, 19), 20577, 37), ((17, 19, 15), 20577, 37), ((19, 15, 17), 20577, 37), ((15, 18, 18), 36728, 94), ((18, 15, 18), 36728, 94), ((18, 18, 15), 36728, 94), ((15, 19, 17), 20577, 124), ((17, 15, 19), 20577, 124), ((19, 17, 15), 20577, 124), ((16, 16, 19), 37920, 87), ((16, 19, 16), 37920, 87), ((19, 16, 16), 37920, 87), ((16, 17, 18), 115783, 105), ((17, 18, 16), 115783, 105), ((18, 16, 17), 115783, 105), ((16, 18, 17), 115783, 126), ((17, 16, 18), 115783, 126), ((18, 17, 16), 115783, 126), ((17, 17, 17), 199072, 102)]; kernel blocks: {(13, 20, 18): 1, (14, 19, 18): 1, (14, 20, 17): 6, (14, 21, 16): 2, (15, 16, 20): 1, (15, 20, 16): 4, (16, 14, 21): 2, (16, 15, 20): 4, (16, 20, 15): 1, (17, 14, 20): 6, (18, 13, 20): 1, (18, 14, 19): 1, (19, 18, 14): 1, (20, 15, 16): 1, (20, 16, 15): 4, (20, 17, 14): 6, (20, 18, 13): 1, (21, 16, 14): 2}  [41s]
m=11 n=52: h_n=1393605, 57 blocks, largest computed 18077; kernel (known blocks) = 81; uncertified blocks: [((16, 17, 19), 60042, 106), ((17, 19, 16), 60042, 106), ((19, 16, 17), 60042, 106), ((16, 18, 18), 104073, 157), ((18, 16, 18), 104073, 157), ((18, 18, 16), 104073, 157), ((16, 19, 17), 60042, 170), ((17, 16, 19), 60042, 170), ((19, 17, 16), 60042, 170), ((17, 17, 18), 180018, 154), ((17, 18, 17), 180018, 154), ((18, 17, 17), 180018, 154)]; kernel blocks: {(14, 20, 18): 4, (14, 21, 17): 4, (15, 17, 20): 1, (15, 18, 19): 1, (15, 19, 18): 2, (15, 20, 17): 8, (15, 21, 16): 3, (16, 15, 21): 3, (16, 16, 20): 4, (16, 20, 16): 4, (17, 14, 21): 4, (17, 15, 20): 8, (17, 20, 15): 1, (18, 14, 20): 4, (18, 15, 19): 2, (18, 19, 15): 1, (19, 15, 18): 1, (19, 18, 15): 2, (20, 15, 17): 1, (20, 16, 16): 4, (20, 17, 15): 8, (20, 18, 14): 4, (21, 16, 15): 3, (21, 17, 14): 4}  [46s]
m=11 n=53: h_n=1508490, 54 blocks, largest computed 10519; kernel (known blocks) = 90; uncertified blocks: [((16, 17, 20), 20637, 67), ((17, 20, 16), 20637, 67), ((20, 16, 17), 20637, 67), ((16, 18, 19), 64426, 144), ((18, 19, 16), 64426, 144), ((19, 16, 18), 64426, 144), ((16, 19, 18), 64426, 227), ((18, 16, 19), 64426, 227), ((19, 18, 16), 64426, 227), ((16, 20, 17), 20637, 147), ((17, 16, 20), 20637, 147), ((20, 17, 16), 20637, 147), ((17, 17, 19), 113335, 205), ((17, 19, 17), 113335, 205), ((19, 17, 17), 113335, 205), ((17, 18, 18), 193688, 214), ((18, 17, 18), 193688, 214), ((18, 18, 17), 193688, 214)]; kernel blocks: {(14, 20, 19): 1, (14, 21, 18): 4, (15, 18, 20): 1, (15, 19, 19): 2, (15, 20, 18): 8, (15, 21, 17): 10, (15, 22, 16): 1, (16, 15, 22): 1, (16, 16, 21): 3, (16, 21, 16): 3, (17, 15, 21): 10, (18, 14, 21): 4, (18, 15, 20): 8, (18, 20, 15): 1, (19, 14, 20): 1, (19, 15, 19): 2, (19, 19, 15): 2, (20, 15, 18): 1, (20, 18, 15): 8, (20, 19, 14): 1, (21, 16, 16): 3, (21, 17, 15): 10, (21, 18, 14): 4, (22, 16, 15): 1}  [51s]
m=11 n=54: h_n=1626283, 55 blocks, largest computed 4368; kernel (known blocks) = 126; uncertified blocks: [((16, 18, 20), 26786, 94), ((18, 20, 16), 26786, 94), ((20, 16, 18), 26786, 94), ((16, 19, 19), 47298, 206), ((19, 16, 19), 47298, 206), ((19, 19, 16), 47298, 206), ((16, 20, 18), 26786, 239), ((18, 16, 20), 26786, 239), ((20, 18, 16), 26786, 239), ((17, 17, 20), 48640, 191), ((17, 20, 17), 48640, 191), ((20, 17, 17), 48640, 191), ((17, 18, 19), 145558, 261), ((18, 19, 17), 145558, 261), ((19, 17, 18), 145558, 261), ((17, 19, 18), 145558, 307), ((18, 17, 19), 145558, 307), ((19, 18, 17), 145558, 307), ((18, 18, 18), 247882, 288)]; kernel blocks: {(14, 21, 19): 2, (15, 19, 20): 1, (15, 20, 19): 5, (15, 21, 18): 14, (15, 22, 17): 4, (16, 16, 22): 1, (16, 17, 21): 3, (16, 21, 17): 12, (16, 22, 16): 1, (17, 15, 22): 4, (17, 16, 21): 12, (17, 21, 16): 3, (18, 15, 21): 14, (19, 14, 21): 2, (19, 15, 20): 5, (19, 20, 15): 1, (20, 15, 19): 1, (20, 19, 15): 5, (21, 16, 17): 3, (21, 17, 16): 12, (21, 18, 15): 14, (21, 19, 14): 2, (22, 16, 16): 1, (22, 17, 15): 4}  [55s]
m=11 n=55: h_n=1746312, 57 blocks, largest computed 13556; kernel (known blocks) = 204; uncertified blocks: [((16, 19, 20), 23376, 131), ((19, 20, 16), 23376, 131), ((20, 16, 19), 23376, 131), ((16, 20, 19), 23376, 243), ((19, 16, 20), 23376, 243), ((20, 19, 16), 23376, 243), ((17, 18, 20), 75560, 244), ((18, 20, 17), 75560, 244), ((20, 17, 18), 75560, 244), ((17, 19, 19), 129797, 360), ((19, 17, 19), 129797, 360), ((19, 19, 17), 129797, 360), ((17, 20, 18), 75560, 356), ((18, 17, 20), 75560, 356), ((20, 18, 17), 75560, 356), ((18, 18, 19), 222314, 389), ((18, 19, 18), 222314, 389), ((19, 18, 18), 222314, 389)]; kernel blocks: {(15, 20, 20): 2, (15, 21, 19): 11, (15, 22, 18): 9, (16, 17, 22): 1, (16, 18, 21): 3, (16, 21, 18): 22, (16, 22, 17): 8, (17, 16, 22): 8, (17, 17, 21): 12, (17, 21, 17): 12, (17, 22, 16): 1, (18, 15, 22): 9, (18, 16, 21): 22, (18, 21, 16): 3, (19, 15, 21): 11, (20, 15, 20): 2, (20, 20, 15): 2, (21, 16, 18): 3, (21, 17, 17): 12, (21, 18, 16): 22, (21, 19, 15): 11, (22, 16, 17): 1, (22, 17, 16): 8, (22, 18, 15): 9}  [61s]
m=11 n=56: h_n=1867791, 54 blocks, largest computed 13632; kernel (known blocks) = 249; uncertified blocks: [((17, 18, 21), 26171, 157), ((18, 21, 17), 26171, 157), ((21, 17, 18), 26171, 157), ((17, 19, 20), 80190, 324), ((19, 20, 17), 80190, 324), ((20, 17, 19), 80190, 324), ((17, 20, 19), 80190, 457), ((19, 17, 20), 80190, 457), ((20, 19, 17), 80190, 457), ((17, 21, 18), 26171, 275), ((18, 17, 21), 26171, 275), ((21, 18, 17), 26171, 275), ((18, 18, 20), 139556, 459), ((18, 20, 18), 139556, 459), ((20, 18, 18), 139556, 459), ((18, 19, 19), 236563, 514), ((19, 18, 19), 236563, 514), ((19, 19, 18), 236563, 514)]; kernel blocks: {(15, 21, 20): 4, (15, 22, 19): 9, (16, 18, 22): 1, (16, 19, 21): 3, (16, 20, 20): 8, (16, 21, 19): 24, (16, 22, 18): 23, (16, 23, 17): 2, (17, 16, 23): 2, (17, 17, 22): 9, (17, 22, 17): 9, (18, 16, 22): 23, (18, 22, 16): 1, (19, 15, 22): 9, (19, 16, 21): 24, (19, 21, 16): 3, (20, 15, 21): 4, (20, 16, 20): 8, (20, 20, 16): 8, (21, 16, 19): 3, (21, 19, 16): 24, (21, 20, 15): 4, (22, 16, 18): 1, (22, 17, 17): 9, (22, 18, 16): 23, (22, 19, 15): 9, (23, 17, 16): 2}  [66s]
m=11 n=57: h_n=1989920, 55 blocks, largest computed 5633; kernel (known blocks) = 324; uncertified blocks: [((17, 19, 21), 33476, 225), ((19, 21, 17), 33476, 225), ((21, 17, 19), 33476, 225), ((17, 20, 20), 58611, 427), ((20, 17, 20), 58611, 427), ((20, 20, 17), 58611, 427), ((17, 21, 19), 33476, 424), ((19, 17, 21), 33476, 424), ((21, 19, 17), 33476, 424), ((18, 18, 21), 60038, 397), ((18, 21, 18), 60038, 397), ((21, 18, 18), 60038, 397), ((18, 19, 20), 176756, 586), ((19, 20, 18), 176756, 586), ((20, 18, 19), 176756, 586), ((18, 20, 19), 176756, 666), ((19, 18, 20), 176756, 666), ((20, 19, 18), 176756, 666), ((19, 19, 19), 298619, 685)]; kernel blocks: {(15, 22, 20): 4, (16, 19, 22): 1, (16, 20, 21): 4, (16, 21, 20): 16, (16, 22, 19): 32, (16, 23, 18): 8, (17, 17, 23): 3, (17, 18, 22): 9, (17, 22, 18): 31, (17, 23, 17): 3, (18, 16, 23): 8, (18, 17, 22): 31, (18, 22, 17): 9, (19, 16, 22): 32, (19, 22, 16): 1, (20, 15, 22): 4, (20, 16, 21): 16, (20, 21, 16): 4, (21, 16, 20): 4, (21, 20, 16): 16, (22, 16, 19): 1, (22, 17, 18): 9, (22, 18, 17): 31, (22, 19, 16): 32, (22, 20, 15): 4, (23, 17, 17): 3, (23, 18, 16): 8}  [74s]
m=11 n=58: h_n=2111817, 57 blocks, largest computed 16878; kernel (known blocks) = 489; uncertified blocks: [((17, 20, 21), 29019, 302), ((20, 21, 17), 29019, 302), ((21, 17, 20), 29019, 302), ((17, 21, 20), 29019, 449), ((20, 17, 21), 29019, 449), ((21, 20, 17), 29019, 449), ((18, 19, 21), 91664, 672), ((19, 21, 18), 91664, 672), ((21, 18, 19), 91664, 672), ((18, 20, 20), 156335, 1099), ((20, 18, 20), 156335, 1099), ((20, 20, 18), 156335, 1099), ((18, 21, 19), 91664, 826), ((19, 18, 21), 91664, 826), ((21, 19, 18), 91664, 826), ((19, 19, 20), 265555, 1529), ((19, 20, 19), 265555, 1529), ((20, 19, 19), 265555, 1529)]; kernel blocks: {(15, 22, 21): 1, (16, 20, 22): 1, (16, 21, 21): 6, (16, 22, 20): 24, (16, 23, 19): 14, (17, 18, 23): 3, (17, 19, 22): 9, (17, 22, 19): 54, (17, 23, 18): 18, (18, 17, 23): 18, (18, 18, 22): 33, (18, 22, 18): 33, (18, 23, 17): 3, (19, 16, 23): 14, (19, 17, 22): 54, (19, 22, 17): 9, (20, 16, 22): 24, (20, 22, 16): 1, (21, 15, 22): 1, (21, 16, 21): 6, (21, 21, 16): 6, (22, 16, 20): 1, (22, 17, 19): 9, (22, 18, 18): 33, (22, 19, 17): 54, (22, 20, 16): 24, (22, 21, 15): 1, (23, 17, 18): 3, (23, 18, 17): 18, (23, 19, 16): 14}  [83s]
m=11 n=59: h_n=2232558, 57 blocks, largest computed 16929; kernel (known blocks) = 564; uncertified blocks: [((18, 19, 22), 31874, 358), ((19, 22, 18), 31874, 358), ((22, 18, 19), 31874, 358), ((18, 20, 21), 96258, 986), ((20, 21, 18), 96258, 986), ((21, 18, 20), 96258, 986), ((18, 21, 20), 96258, 1145), ((20, 18, 21), 96258, 1145), ((21, 20, 18), 96258, 1145), ((18, 22, 19), 31874, 510), ((19, 18, 22), 31874, 510), ((22, 19, 18), 31874, 510), ((19, 19, 21), 166006, 1575), ((19, 21, 19), 166006, 1575), ((21, 19, 19), 166006, 1575), ((19, 20, 20), 279547, 2425), ((20, 19, 20), 279547, 2425), ((20, 20, 19), 279547, 2425)]; kernel blocks: {(16, 21, 22): 1, (16, 22, 21): 10, (16, 23, 20): 14, (17, 19, 23): 3, (17, 20, 22): 10, (17, 21, 21): 24, (17, 22, 20): 58, (17, 23, 19): 43, (17, 24, 18): 3, (18, 17, 24): 3, (18, 18, 23): 22, (18, 23, 18): 22, (19, 17, 23): 43, (19, 23, 17): 3, (20, 16, 23): 14, (20, 17, 22): 58, (20, 22, 17): 10, (21, 16, 22): 10, (21, 17, 21): 24, (21, 21, 17): 24, (21, 22, 16): 1, (22, 16, 21): 1, (22, 17, 20): 10, (22, 20, 17): 58, (22, 21, 16): 10, (23, 17, 19): 3, (23, 18, 18): 22, (23, 19, 17): 43, (23, 20, 16): 14, (24, 18, 17): 3}  [93s]
m=11 n=60: h_n=2351197, 55 blocks, largest computed 6928; kernel (known blocks) = 690; uncertified blocks: [((18, 20, 22), 40229, 526), ((20, 22, 18), 40229, 526), ((22, 18, 20), 40229, 526), ((18, 21, 21), 69990, 1030), ((21, 18, 21), 69990, 1030), ((21, 21, 18), 69990, 1030), ((18, 22, 20), 40229, 774), ((20, 18, 22), 40229, 774), ((22, 20, 18), 40229, 774), ((19, 19, 22), 71392, 969), ((19, 22, 19), 71392, 969), ((22, 19, 19), 71392, 969), ((19, 20, 21), 207523, 2424), ((20, 21, 19), 207523, 2424), ((21, 19, 20), 207523, 2424), ((19, 21, 20), 207523, 2504), ((20, 19, 21), 207523, 2504), ((21, 20, 19), 207523, 2504), ((20, 20, 20), 348328, 3858)]; kernel blocks: {(16, 22, 22): 2, (16, 23, 21): 8, (17, 20, 23): 4, (17, 21, 22): 12, (17, 22, 21): 40, (17, 23, 20): 58, (17, 24, 19): 12, (18, 18, 24): 6, (18, 19, 23): 23, (18, 23, 19): 65, (18, 24, 18): 6, (19, 17, 24): 12, (19, 18, 23): 65, (19, 23, 18): 23, (20, 17, 23): 58, (20, 23, 17): 4, (21, 16, 23): 8, (21, 17, 22): 40, (21, 22, 17): 12, (22, 16, 22): 2, (22, 17, 21): 12, (22, 21, 17): 40, (22, 22, 16): 2, (23, 17, 20): 4, (23, 18, 19): 23, (23, 19, 18): 65, (23, 20, 17): 58, (23, 21, 16): 8, (24, 18, 18): 6, (24, 19, 17): 12}  [104s]
m=11 n=61: h_n=2466741, 57 blocks, largest computed 10778; kernel (known blocks) = 792; uncertified blocks: [((18, 21, 22), 34636, 589), ((21, 22, 18), 34636, 589), ((22, 18, 21), 34636, 589), ((18, 22, 21), 34636, 767), ((21, 18, 22), 34636, 767), ((22, 21, 18), 34636, 767), ((19, 19, 23), 20141, 380), ((19, 23, 19), 20141, 380), ((23, 19, 19), 20141, 380), ((19, 20, 22), 107300, 1567), ((20, 22, 19), 107300, 1567), ((22, 19, 20), 107300, 1567), ((19, 21, 21), 182017, 2677), ((21, 19, 21), 182017, 2677), ((21, 21, 19), 182017, 2677), ((19, 22, 20), 107300, 1740), ((20, 19, 22), 107300, 1740), ((22, 20, 19), 107300, 1740), ((20, 20, 21), 307079, 4226), ((20, 21, 20), 307079, 4226), ((21, 20, 20), 307079, 4226)]; kernel blocks: {(16, 23, 22): 2, (17, 21, 23): 3, (17, 22, 22): 17, (17, 23, 21): 46, (17, 24, 20): 21, (18, 18, 25): 1, (18, 19, 24): 7, (18, 20, 23): 25, (18, 23, 20): 110, (18, 24, 19): 32, (18, 25, 18): 1, (19, 18, 24): 32, (19, 24, 18): 7, (20, 17, 24): 21, (20, 18, 23): 110, (20, 23, 18): 25, (21, 17, 23): 46, (21, 23, 17): 3, (22, 16, 23): 2, (22, 17, 22): 17, (22, 22, 17): 17, (23, 17, 21): 3, (23, 18, 20): 25, (23, 20, 18): 110, (23, 21, 17): 46, (23, 22, 16): 2, (24, 18, 19): 7, (24, 19, 18): 32, (24, 20, 17): 21, (25, 18, 18): 1}  [112s]
m=11 n=62: h_n=2578212, 57 blocks, largest computed 11116; kernel (known blocks) = 969; uncertified blocks: [((18, 22, 22), 20178, 494), ((22, 18, 22), 20178, 494), ((22, 22, 18), 20178, 494), ((19, 20, 23), 37320, 656), ((20, 23, 19), 37320, 656), ((23, 19, 20), 37320, 656), ((19, 21, 22), 111542, 1918), ((21, 22, 19), 111542, 1918), ((22, 19, 21), 111542, 1918), ((19, 22, 21), 111542, 2102), ((21, 19, 22), 111542, 2102), ((22, 21, 19), 111542, 2102), ((19, 23, 20), 37320, 845), ((20, 19, 23), 37320, 845), ((23, 20, 19), 37320, 845), ((20, 20, 22), 190915, 3174), ((20, 22, 20), 190915, 3174), ((22, 20, 20), 190915, 3174), ((20, 21, 21), 319871, 5136), ((21, 20, 21), 319871, 5136), ((21, 21, 20), 319871, 5136)]; kernel blocks: {(17, 22, 23): 4, (17, 23, 22): 21, (17, 24, 21): 21, (18, 19, 25): 1, (18, 20, 24): 8, (18, 21, 23): 27, (18, 23, 21): 118, (18, 24, 20): 73, (18, 25, 19): 6, (19, 18, 25): 6, (19, 19, 24): 44, (19, 24, 19): 44, (19, 25, 18): 1, (20, 18, 24): 73, (20, 24, 18): 8, (21, 17, 24): 21, (21, 18, 23): 118, (21, 23, 18): 27, (22, 17, 23): 21, (22, 23, 17): 4, (23, 17, 22): 4, (23, 18, 21): 27, (23, 21, 18): 118, (23, 22, 17): 21, (24, 18, 20): 8, (24, 19, 19): 44, (24, 20, 18): 73, (24, 21, 17): 21, (25, 18, 19): 1, (25, 19, 18): 6}  [119s]
m=11 n=63: h_n=2684609, 55 blocks, largest computed 8142; kernel (known blocks) = 1338; uncertified blocks: [((19, 21, 23), 46538, 907), ((21, 23, 19), 46538, 907), ((23, 19, 21), 46538, 907), ((19, 22, 22), 80608, 1717), ((22, 19, 22), 80608, 1717), ((22, 22, 19), 80608, 1717), ((19, 23, 21), 46538, 1209), ((21, 19, 23), 46538, 1209), ((23, 21, 19), 46538, 1209), ((20, 20, 23), 81867, 1647), ((20, 23, 20), 81867, 1647), ((23, 20, 20), 81867, 1647), ((20, 21, 22), 235746, 4335), ((21, 22, 20), 235746, 4335), ((22, 20, 21), 235746, 4335), ((20, 22, 21), 235746, 4431), ((21, 20, 22), 235746, 4431), ((22, 21, 20), 235746, 4431), ((21, 21, 21), 393701, 7062)]; kernel blocks: {(17, 23, 23): 5, (17, 24, 22): 12, (18, 20, 25): 1, (18, 21, 24): 12, (18, 22, 23): 31, (18, 23, 22): 85, (18, 24, 21): 96, (18, 25, 20): 18, (19, 19, 25): 13, (19, 20, 24): 50, (19, 24, 20): 123, (19, 25, 19): 13, (20, 18, 25): 18, (20, 19, 24): 123, (20, 24, 19): 50, (20, 25, 18): 1, (21, 18, 24): 96, (21, 24, 18): 12, (22, 17, 24): 12, (22, 18, 23): 85, (22, 23, 18): 31, (23, 17, 23): 5, (23, 18, 22): 31, (23, 22, 18): 85, (23, 23, 17): 5, (24, 18, 21): 12, (24, 19, 20): 50, (24, 20, 19): 123, (24, 21, 18): 96, (24, 22, 17): 12, (25, 18, 20): 1, (25, 19, 19): 13, (25, 20, 18): 18}  [127s]
m=11 n=64: h_n=2784978, 57 blocks, largest computed 12484; kernel (known blocks) = 1497; uncertified blocks: [((19, 22, 23), 39778, 942), ((22, 23, 19), 39778, 942), ((23, 19, 22), 39778, 942), ((19, 23, 22), 39778, 1152), ((22, 19, 23), 39778, 1152), ((23, 22, 19), 39778, 1152), ((20, 20, 24), 23080, 601), ((20, 24, 20), 23080, 601), ((24, 20, 20), 23080, 601), ((20, 21, 23), 121309, 2537), ((21, 23, 20), 121309, 2537), ((23, 20, 21), 121309, 2537), ((20, 22, 22), 204988, 4301), ((22, 20, 22), 204988, 4301), ((22, 22, 20), 204988, 4301), ((20, 23, 21), 121309, 2746), ((21, 20, 23), 121309, 2746), ((23, 21, 20), 121309, 2746), ((21, 21, 22), 343983, 6892), ((21, 22, 21), 343983, 6892), ((22, 21, 21), 343983, 6892)]; kernel blocks: {(17, 24, 23): 3, (18, 21, 25): 2, (18, 22, 24): 11, (18, 23, 23): 40, (18, 24, 22): 79, (18, 25, 21): 31, (19, 19, 26): 1, (19, 20, 25): 18, (19, 21, 24): 59, (19, 24, 21): 202, (19, 25, 20): 53, (19, 26, 19): 1, (20, 19, 25): 53, (20, 25, 19): 18, (21, 18, 25): 31, (21, 19, 24): 202, (21, 24, 19): 59, (21, 25, 18): 2, (22, 18, 24): 79, (22, 24, 18): 11, (23, 17, 24): 3, (23, 18, 23): 40, (23, 23, 18): 40, (24, 18, 22): 11, (24, 19, 21): 59, (24, 21, 19): 202, (24, 22, 18): 79, (24, 23, 17): 3, (25, 18, 21): 2, (25, 19, 20): 18, (25, 20, 19): 53, (25, 21, 18): 31, (26, 19, 19): 1}  [135s]
m=11 n=65: h_n=2878377, 57 blocks, largest computed 12771; kernel (known blocks) = 1809; uncertified blocks: [((19, 23, 23), 23098, 738), ((23, 19, 23), 23098, 738), ((23, 23, 19), 23098, 738), ((20, 21, 24), 42064, 1031), ((21, 24, 20), 42064, 1031), ((24, 20, 21), 42064, 1031), ((20, 22, 23), 124858, 2909), ((22, 23, 20), 124858, 2909), ((23, 20, 22), 124858, 2909), ((20, 23, 22), 124858, 3132), ((22, 20, 23), 124858, 3132), ((23, 22, 20), 124858, 3132), ((20, 24, 21), 42064, 1255), ((21, 20, 24), 42064, 1255), ((24, 21, 20), 42064, 1255), ((21, 21, 23), 212430, 4802), ((21, 23, 21), 212430, 4802), ((23, 21, 21), 212430, 4802), ((21, 22, 22), 354620, 7756), ((22, 21, 22), 354620, 7756), ((22, 22, 21), 354620, 7756)]; kernel blocks: {(18, 22, 25): 2, (18, 23, 24): 11, (18, 24, 23): 38, (18, 25, 22): 31, (19, 20, 26): 2, (19, 21, 25): 26, (19, 22, 24): 66, (19, 24, 22): 218, (19, 25, 21): 115, (19, 26, 20): 8, (20, 19, 26): 8, (20, 20, 25): 86, (20, 25, 20): 86, (20, 26, 19): 2, (21, 19, 25): 115, (21, 25, 19): 26, (22, 18, 25): 31, (22, 19, 24): 218, (22, 24, 19): 66, (22, 25, 18): 2, (23, 18, 24): 38, (23, 24, 18): 11, (24, 18, 23): 11, (24, 19, 22): 66, (24, 22, 19): 218, (24, 23, 18): 38, (25, 18, 22): 2, (25, 19, 21): 26, (25, 20, 20): 86, (25, 21, 19): 115, (25, 22, 18): 31, (26, 19, 20): 2, (26, 20, 19): 8}  [144s]
m=11 n=66: h_n=2963897, 55 blocks, largest computed 9158; kernel (known blocks) = 2463; uncertified blocks: [((20, 22, 24), 51872, 1371), ((22, 24, 20), 51872, 1371), ((24, 20, 22), 51872, 1371), ((20, 23, 23), 89606, 2483), ((23, 20, 23), 89606, 2483), ((23, 23, 20), 89606, 2483), ((20, 24, 22), 51872, 1723), ((22, 20, 24), 51872, 1723), ((24, 22, 20), 51872, 1723), ((21, 21, 24), 90615, 2422), ((21, 24, 21), 90615, 2422), ((24, 21, 21), 90615, 2422), ((21, 22, 23), 259277, 6222), ((22, 23, 21), 259277, 6222), ((23, 21, 22), 259277, 6222), ((21, 23, 22), 259277, 6344), ((22, 21, 23), 259277, 6344), ((23, 22, 21), 259277, 6344), ((22, 22, 22), 431375, 10051)]; kernel blocks: {(18, 23, 25): 1, (18, 24, 24): 9, (18, 25, 23): 18, (19, 21, 26): 3, (19, 22, 25): 38, (19, 23, 24): 72, (19, 24, 23): 159, (19, 25, 22): 149, (19, 26, 21): 24, (20, 20, 26): 21, (20, 21, 25): 110, (20, 25, 21): 217, (20, 26, 20): 21, (21, 19, 26): 24, (21, 20, 25): 217, (21, 25, 20): 110, (21, 26, 19): 3, (22, 19, 25): 149, (22, 25, 19): 38, (23, 18, 25): 18, (23, 19, 24): 159, (23, 24, 19): 72, (23, 25, 18): 1, (24, 18, 24): 9, (24, 19, 23): 72, (24, 23, 19): 159, (24, 24, 18): 9, (25, 18, 23): 1, (25, 19, 22): 38, (25, 20, 21): 110, (25, 21, 20): 217, (25, 22, 19): 149, (25, 23, 18): 18, (26, 19, 21): 3, (26, 20, 20): 21, (26, 21, 19): 24}  [153s]
m=11 n=67: h_n=3040734, 57 blocks, largest computed 13867; kernel (known blocks) = 2652; uncertified blocks: [((20, 23, 24), 44005, 1393), ((23, 24, 20), 44005, 1393), ((24, 20, 23), 44005, 1393), ((20, 24, 23), 44005, 1626), ((23, 20, 24), 44005, 1626), ((24, 23, 20), 44005, 1626), ((21, 21, 25), 25424, 895), ((21, 25, 21), 25424, 895), ((25, 21, 21), 25424, 895), ((21, 22, 24), 132545, 3595), ((22, 24, 21), 132545, 3595), ((24, 21, 22), 132545, 3595), ((21, 23, 23), 223442, 5960), ((23, 21, 23), 223442, 5960), ((23, 23, 21), 223442, 5960), ((21, 24, 22), 132545, 3844), ((22, 21, 24), 132545, 3844), ((24, 22, 21), 132545, 3844), ((22, 22, 23), 373426, 9431), ((22, 23, 22), 373426, 9431), ((23, 22, 22), 373426, 9431)]; kernel blocks: {(18, 24, 25): 1, (18, 25, 24): 6, (19, 22, 26): 5, (19, 23, 25): 32, (19, 24, 24): 78, (19, 25, 23): 121, (19, 26, 22): 39, (20, 20, 27): 1, (20, 21, 26): 37, (20, 22, 25): 142, (20, 25, 22): 343, (20, 26, 21): 79, (20, 27, 20): 1, (21, 20, 26): 79, (21, 26, 20): 37, (22, 19, 26): 39, (22, 20, 25): 343, (22, 25, 20): 142, (22, 26, 19): 5, (23, 19, 25): 121, (23, 25, 19): 32, (24, 18, 25): 6, (24, 19, 24): 78, (24, 24, 19): 78, (24, 25, 18): 1, (25, 18, 24): 1, (25, 19, 23): 32, (25, 20, 22): 142, (25, 22, 20): 343, (25, 23, 19): 121, (25, 24, 18): 6, (26, 19, 22): 5, (26, 20, 21): 37, (26, 21, 20): 79, (26, 22, 19): 39, (27, 20, 20): 1}  [162s]
m=11 n=68: h_n=3108099, 57 blocks, largest computed 14076; kernel (known blocks) = 3135; uncertified blocks: [((20, 24, 24), 25427, 1096), ((24, 20, 24), 25427, 1096), ((24, 24, 20), 25427, 1096), ((21, 22, 25), 45676, 1649), ((22, 25, 21), 45676, 1649), ((25, 21, 22), 45676, 1649), ((21, 23, 24), 135100, 4516), ((23, 24, 21), 135100, 4516), ((24, 21, 23), 135100, 4516), ((21, 24, 23), 135100, 4765), ((23, 21, 24), 135100, 4765), ((24, 23, 21), 135100, 4765), ((21, 25, 22), 45676, 1898), ((22, 21, 25), 45676, 1898), ((25, 22, 21), 45676, 1898), ((22, 22, 24), 228804, 7422), ((22, 24, 22), 228804, 7422), ((24, 22, 22), 228804, 7422), ((22, 23, 23), 381057, 11940), ((23, 22, 23), 381057, 11940), ((23, 23, 22), 381057, 11940)]; kernel blocks: {(18, 25, 25): 1, (19, 23, 26): 5, (19, 24, 25): 25, (19, 25, 24): 62, (19, 26, 23): 39, (20, 21, 27): 3, (20, 22, 26): 59, (20, 23, 25): 160, (20, 25, 23): 369, (20, 26, 22): 162, (20, 27, 21): 10, (21, 20, 27): 10, (21, 21, 26): 150, (21, 26, 21): 150, (21, 27, 20): 3, (22, 20, 26): 162, (22, 26, 20): 59, (23, 19, 26): 39, (23, 20, 25): 369, (23, 25, 20): 160, (23, 26, 19): 5, (24, 19, 25): 62, (24, 25, 19): 25, (25, 18, 25): 1, (25, 19, 24): 25, (25, 20, 23): 160, (25, 23, 20): 369, (25, 24, 19): 62, (25, 25, 18): 1, (26, 19, 23): 5, (26, 20, 22): 59, (26, 21, 21): 150, (26, 22, 20): 162, (26, 23, 19): 39, (27, 20, 21): 3, (27, 21, 20): 10}  [171s]
m=11 n=69: h_n=3165326, 55 blocks, largest computed 9869; kernel (known blocks) = 4212; uncertified blocks: [((21, 23, 25), 55745, 2289), ((23, 25, 21), 55745, 2289), ((25, 21, 23), 55745, 2289), ((21, 24, 24), 96206, 3990), ((24, 21, 24), 96206, 3990), ((24, 24, 21), 96206, 3990), ((21, 25, 23), 55745, 2657), ((23, 21, 25), 55745, 2657), ((25, 23, 21), 55745, 2657), ((22, 22, 25), 96855, 4014), ((22, 25, 22), 96855, 4014), ((25, 22, 22), 96855, 4014), ((22, 23, 24), 276190, 10423), ((23, 24, 22), 276190, 10423), ((24, 22, 23), 276190, 10423), ((22, 24, 23), 276190, 10544), ((23, 22, 24), 276190, 10544), ((24, 23, 22), 276190, 10544), ((23, 23, 23), 458375, 16862)]; kernel blocks: {(19, 24, 26): 3, (19, 25, 25): 18, (19, 26, 24): 24, (20, 22, 27): 6, (20, 23, 26): 78, (20, 24, 25): 156, (20, 25, 24): 277, (20, 26, 23): 208, (20, 27, 22): 29, (21, 21, 27): 30, (21, 22, 26): 223, (21, 26, 22): 352, (21, 27, 21): 30, (22, 20, 27): 29, (22, 21, 26): 352, (22, 26, 21): 223, (22, 27, 20): 6, (23, 20, 26): 208, (23, 26, 20): 78, (24, 19, 26): 24, (24, 20, 25): 277, (24, 25, 20): 156, (24, 26, 19): 3, (25, 19, 25): 18, (25, 20, 24): 156, (25, 24, 20): 277, (25, 25, 19): 18, (26, 19, 24): 3, (26, 20, 23): 78, (26, 21, 22): 223, (26, 22, 21): 352, (26, 23, 20): 208, (26, 24, 19): 24, (27, 20, 22): 6, (27, 21, 21): 30, (27, 22, 20): 29}  [180s]
m=11 n=70: h_n=3211845, 57 blocks, largest computed 14787; kernel (known blocks) = 4392; uncertified blocks: [((21, 24, 25), 46921, 2249), ((24, 25, 21), 46921, 2249), ((25, 21, 24), 46921, 2249), ((21, 25, 24), 46921, 2494), ((24, 21, 25), 46921, 2494), ((25, 24, 21), 46921, 2494), ((22, 22, 26), 26929, 1488), ((22, 26, 22), 26929, 1488), ((26, 22, 22), 26929, 1488), ((22, 23, 25), 140015, 6320), ((23, 25, 22), 140015, 6320), ((25, 22, 23), 140015, 6320), ((22, 24, 24), 235824, 10376), ((24, 22, 24), 235824, 10376), ((24, 24, 22), 235824, 10376), ((22, 25, 23), 140015, 6561), ((23, 22, 25), 140015, 6561), ((25, 23, 22), 140015, 6561), ((23, 23, 24), 393026, 16785), ((23, 24, 23), 393026, 16785), ((24, 23, 23), 393026, 16785)]; kernel blocks: {(19, 25, 26): 2, (19, 26, 25): 8, (20, 23, 27): 9, (20, 24, 26): 65, (20, 25, 25): 143, (20, 26, 24): 172, (20, 27, 23): 47, (21, 21, 28): 3, (21, 22, 27): 63, (21, 23, 26): 301, (21, 26, 23): 543, (21, 27, 22): 108, (21, 28, 21): 3, (22, 21, 27): 108, (22, 27, 21): 63, (23, 20, 27): 47, (23, 21, 26): 543, (23, 26, 21): 301, (23, 27, 20): 9, (24, 20, 26): 172, (24, 26, 20): 65, (25, 19, 26): 8, (25, 20, 25): 143, (25, 25, 20): 143, (25, 26, 19): 2, (26, 19, 25): 2, (26, 20, 24): 65, (26, 21, 23): 301, (26, 23, 21): 543, (26, 24, 20): 172, (26, 25, 19): 8, (27, 20, 23): 9, (27, 21, 22): 63, (27, 22, 21): 108, (27, 23, 20): 47, (28, 21, 21): 3}  [190s]
m=11 n=71: h_n=3247149, 57 blocks, largest computed 14897; kernel (known blocks) = 5064; uncertified blocks: [((21, 25, 25), 26934, 1564), ((25, 21, 25), 26934, 1564), ((25, 25, 21), 26934, 1564), ((22, 23, 26), 47797, 2641), ((23, 26, 22), 47797, 2641), ((26, 22, 23), 47797, 2641), ((22, 24, 25), 141358, 7115), ((24, 25, 22), 141358, 7115), ((25, 22, 24), 141358, 7115), ((22, 25, 24), 141358, 7355), ((24, 22, 25), 141358, 7355), ((25, 24, 22), 141358, 7355), ((22, 26, 23), 47797, 2890), ((23, 22, 26), 47797, 2890), ((26, 23, 22), 47797, 2890), ((23, 23, 25), 238628, 11853), ((23, 25, 23), 238628, 11853), ((25, 23, 23), 238628, 11853), ((23, 24, 24), 397013, 19042), ((24, 23, 24), 397013, 19042), ((24, 24, 23), 397013, 19042)]; kernel blocks: {(19, 26, 26): 1, (20, 24, 27): 9, (20, 25, 26): 46, (20, 26, 25): 90, (20, 27, 24): 47, (21, 22, 28): 6, (21, 23, 27): 103, (21, 24, 26): 337, (21, 26, 24): 583, (21, 27, 23): 215, (21, 28, 22): 13, (22, 21, 28): 13, (22, 22, 27): 238, (22, 27, 22): 238, (22, 28, 21): 6, (23, 21, 27): 215, (23, 27, 21): 103, (24, 20, 27): 47, (24, 21, 26): 583, (24, 26, 21): 337, (24, 27, 20): 9, (25, 20, 26): 90, (25, 26, 20): 46, (26, 19, 26): 1, (26, 20, 25): 46, (26, 21, 24): 337, (26, 24, 21): 583, (26, 25, 20): 90, (26, 26, 19): 1, (27, 20, 24): 9, (27, 21, 23): 103, (27, 22, 22): 238, (27, 23, 21): 215, (27, 24, 20): 47, (28, 21, 22): 6, (28, 22, 21): 13}  [199s]
m=11 n=72: h_n=3270899, 55 blocks, largest computed 10196; kernel (known blocks) = 6747; uncertified blocks: [((22, 24, 26), 57782, 3376), ((24, 26, 22), 57782, 3376), ((26, 22, 24), 57782, 3376), ((22, 25, 25), 99788, 5718), ((25, 22, 25), 99788, 5718), ((25, 25, 22), 99788, 5718), ((22, 26, 24), 57782, 3748), ((24, 22, 26), 57782, 3748), ((26, 24, 22), 57782, 3748), ((23, 23, 26), 100009, 5939), ((23, 26, 23), 100009, 5939), ((26, 23, 23), 100009, 5939), ((23, 24, 25), 285037, 15351), ((24, 25, 23), 285037, 15351), ((25, 23, 24), 285037, 15351), ((23, 25, 24), 285037, 15465), ((24, 23, 25), 285037, 15465), ((25, 24, 23), 285037, 15465), ((24, 24, 24), 472481, 24805)]; kernel blocks: {(20, 25, 27): 6, (20, 26, 26): 27, (20, 27, 25): 29, (21, 23, 28): 11, (21, 24, 27): 132, (21, 25, 26): 311, (21, 26, 25): 444, (21, 27, 24): 272, (21, 28, 23): 34, (22, 22, 28): 42, (22, 23, 27): 404, (22, 27, 23): 537, (22, 28, 22): 42, (23, 21, 28): 34, (23, 22, 27): 537, (23, 27, 22): 404, (23, 28, 21): 11, (24, 21, 27): 272, (24, 27, 21): 132, (25, 20, 27): 29, (25, 21, 26): 444, (25, 26, 21): 311, (25, 27, 20): 6, (26, 20, 26): 27, (26, 21, 25): 311, (26, 25, 21): 444, (26, 26, 20): 27, (27, 20, 25): 6, (27, 21, 24): 132, (27, 22, 23): 404, (27, 23, 22): 537, (27, 24, 21): 272, (27, 25, 20): 29, (28, 21, 23): 11, (28, 22, 22): 42, (28, 23, 21): 34}  [209s]
