n | reps done / reps | ker (reps) | ker (all blocks, x3) | largest block | sum dims reps | candidates tested | time s
57 | 21/21 | 0 | 0 | 1127752 | 3286570 | 4604 | 55
58 | 23/23 | 0 | 0 | 1053415 | 2827918 | 6571 | 197
59 | 23/23 | 0 | 0 | 1165788 | 3145828 | 9261 | 200
60 | 23/23 | 0 | 0 | 1521616 | 4503833 | 14891 | 371
61 | 23/23 | 0 | 0 | 1414450 | 3859553 | 15320 | 249
62 | 23/23 | 0 | 0 | 1552742 | 4256971 | 18731 | 215
63 | 25/25 | 0 | 0 | 2004719 | 6018772 | 27603 | 496
64 | 23/23 | 0 | 0 | 1854408 | 5135980 | 26548 | 500
65 | 23/23 | 0 | 0 | 2019885 | 5618343 | 31107 | 500
66 | 25/25 | 0 | 0 | 2581055 | 7850213 | 44135 | 960
67 | 23/23 | 0 | 0 | 2375683 | 6669403 | 44202 | 633
68 | 23/23 | 0 | 0 | 2568153 | 7237747 | 63315 | 800
69 | 25/25 | 1 | 3 | 3249588 | 10000431 | 103896 | 1796
kernel block (19, 27, 23) n = 69 : [1] terms
