m=7: |G_m|=65536, top degree 54, Loewy length 55; build 47.5s, ranks 7.6s
m=7: dims u'_n = [1, 3, 6, 12, 21, 36, 60, 93, 138, 199, 279, 381, 508, 657, 831, 1033, 1257, 1500, 1756, 2016, 2277, 2533, 2766, 2970, 3139, 3264, 3345, 3374, 3345, 3264, 3139, 2970, 2766, 2533, 2277, 2016, 1756, 1500, 1257, 1033, 831, 657, 508, 381, 279, 199, 138, 93, 60, 36, 21, 12, 6, 3, 1]
m=7: N_sigma = 16   (ceil((top+1)/3) = 19)
m=7: ranks of sigma^k, k=0..N_sigma: [65536, 55310, 45266, 35718, 26536, 20578, 15268, 10802, 7164, 4722, 2938, 1684, 852, 444, 198, 78, 0]
m=7: Jordan blocks {size: count} = {1: 182, 2: 496, 3: 366, 4: 3224, 5: 648, 6: 844, 7: 828, 8: 1196, 9: 658, 10: 530, 11: 422, 12: 424, 13: 162, 14: 126, 15: 42, 16: 78}
m=7: #blocks = graded coker = 10226 (sum coker 10226);  |G|/N_sigma = 4096.00;  ratio = 2.4966;  mean block size 6.409
m=7: coker by degree   = [1, 3, 6, 11, 18, 30, 48, 72, 102, 139, 186, 243, 309, 378, 450, 525, 600, 669, 723, 759, 777, 777, 750, 693, 609, 504, 387, 256, 120, 39, 21, 12, 6, 3, 0, 0, 0, 0, 0, 0, 0, 0, 0, 0, 0, 0, 0, 0, 0, 0, 0, 0, 0, 0, 0]
m=7: (1-z^3)H_m coeffs = [1, 3, 6, 11, 18, 30, 48, 72, 102, 139, 186, 243, 309, 378, 450, 525, 600, 669, 723, 759, 777, 777, 750, 693, 606, 498, 375, 235, 81, -81, -235, -375, -498, -606, -693, -750, -777, -777, -759, -723, -669, -600, -525, -450, -378, -309, -243, -186, -139, -102, -72, -48, -30, -18, -11]
m=7: ker R_sigma on u'_n = [0, 0, 0, 0, 0, 0, 0, 0, 0, 0, 0, 0, 0, 0, 0, 0, 0, 0, 0, 0, 0, 3, 6, 12, 21, 39, 120, 256, 387, 504, 609, 693, 750, 777, 777, 759, 723, 669, 600, 525, 450, 378, 309, 243, 186, 139, 102, 72, 48, 30, 18, 11, 6, 3, 1]
m=7: degrees n with R_sigma: u'_n -> u'_(n+3) non-injective: [21, 22, 23, 24, 25, 26, 27, 28, 29, 30, 31, 32, 33, 34, 35, 36, 37, 38, 39, 40, 41, 42, 43, 44, 45, 46, 47, 48, 49, 50, 51, 52, 53, 54]  (first = 21; top-first = 33; first coker deviation at n = 24)
m=7: degrees n where R_sigma: u'_(n-3) -> u'_n is surjective: [34, 35, 36, 37, 38, 39, 40, 41, 42, 43, 44, 45, 46, 47, 48, 49, 50, 51, 52, 53, 54]
m=7: strings {(start degree, length): count} = {(0, 16): 1, (1, 16): 3, (2, 16): 6, (3, 16): 11, (4, 16): 18, (5, 15): 12, (5, 16): 18, (6, 13): 1, (6, 14): 18, (6, 15): 18, (6, 16): 11, (7, 12): 3, (7, 13): 6, (7, 14): 45, (7, 15): 12, (7, 16): 6, (8, 12): 12, (8, 13): 42, (8, 14): 45, (8, 16): 3, (9, 12): 56, (9, 13): 64, (9, 14): 18, (9, 16): 1, (10, 11): 3, (10, 12): 141, (10, 13): 42, (11, 10): 3, (11, 11): 93, (11, 12): 141, (11, 13): 6, (12, 4): 3, (12, 8): 6, (12, 10): 13, (12, 11): 230, (12, 12): 56, (12, 13): 1, (13, 4): 6, (13, 8): 18, (13, 10): 249, (13, 11): 93, (13, 12): 12, (14, 4): 12, (14, 8): 45, (14, 9): 138, (14, 10): 249, (14, 11): 3, (14, 12): 3, (15, 4): 21, (15, 8): 109, (15, 9): 382, (15, 10): 13, (16, 4): 36, (16, 7): 3, (16, 8): 420, (16, 9): 138, (16, 10): 3, (17, 4): 63, (17, 6): 12, (17, 7): 174, (17, 8): 420, (18, 4): 105, (18, 6): 35, (18, 7): 474, (18, 8): 109, (19, 4): 165, (19, 6): 375, (19, 7): 174, (19, 8): 45, (20, 4): 246, (20, 5): 135, (20, 6): 375, (20, 7): 3, (20, 8): 18, (21, 4): 358, (21, 5): 378, (21, 6): 35, (21, 8): 6, (22, 2): 3, (22, 3): 3, (22, 4): 597, (22, 5): 135, (22, 6): 12, (23, 2): 18, (23, 3): 78, (23, 4): 597, (24, 2): 47, (24, 3): 204, (24, 4): 358, (25, 2): 180, (25, 3): 78, (25, 4): 246, (26, 1): 39, (26, 2): 180, (26, 3): 3, (26, 4): 165, (27, 1): 104, (27, 2): 47, (27, 4): 105, (28, 1): 39, (28, 2): 18, (28, 4): 63, (29, 2): 3, (29, 4): 36, (30, 4): 21, (31, 4): 12, (32, 4): 6, (33, 4): 3}
