 m | k_m (d(m)) | mid | P(X<=mid-k) | 6P (=bound under H1(3)) | Hoeffding 6*exp | e_m (exact) | e_m/(2P) | 6*2^-|H_m|
 5 |   10 (  10) |   12.0 | 0.004883 | 0.02930 | 0.2291 | 0.01465 | 1.50 | 0.37500
 6 |   15 (  15) |   19.5 | 0.002625 | 0.01575 | 0.1829 | 0.00952 | 1.81 | 0.18750
 7 |   21 (  21) |   25.5 | 0.000656 | 0.00394 | 0.0707 | 0.00247 | 1.88 | 0.09375
 8 |   28 (  28) |   36.0 | 0.000729 | 0.00437 | 0.0579 | 0.00217 | 1.49 | 0.04688
 9 |   35 (  36) |   48.0 | 0.000727 | 0.00436 | 0.0546 | 0.00267 | 1.84 | 0.02344
10 |   36 (  36) |   57.0 | 0.002317 | 0.01390 | 0.1267 | 0.00411 | 0.89 | 0.02344
11 |   46 (  46) |   72.0 | 0.001189 | 0.00713 | 0.0748 |    -    |   -  | 0.01172
12 |   57 (  57) |   88.5 | 0.000549 | 0.00329 | 0.0439 |    -    |   -  | 0.00586
13 |   69 (  69) |  100.5 | 0.000149 | 0.00089 | 0.0162 |    -    |   -  | 0.00293
14 |   82 (  82) |  120.0 | 0.000096 | 0.00057 | 0.0102 |    -    |   -  | 0.00146
15 |   96 (  96) |  141.0 | 0.000054 | 0.00032 | 0.0063 |    -    |   -  | 0.00073
16 |   96 (  96) |  156.0 | 0.000195 | 0.00117 | 0.0165 |    -    |   -  | 0.00073
17 |  112 ( 112) |  180.0 | 0.000099 | 0.00059 | 0.0095 |    -    |   -  | 0.00037
18 |  129 ( 129) |  205.5 | 0.000047 | 0.00028 | 0.0054 |    -    |   -  | 0.00018
19 |  129 ( 129) |  223.5 | 0.000139 | 0.00083 | 0.0124 |    -    |   -  | 0.00018
20 |  148 ( 148) |  252.0 | 0.000072 | 0.00043 | 0.0068 |    -    |   -  | 0.00009
21 |  168 ( 168) |  282.0 | 0.000035 | 0.00021 | 0.0038 |    -    |   -  | 0.00005
22 |  168 ( 168) |  303.0 | 0.000091 | 0.00055 | 0.0080 |    -    |   -  | 0.00005
23 |  190 ( 190) |  336.0 | 0.000044 | 0.00026 | 0.0043 |    -    |   -  | 0.00002
24 |  213 ( 213) |  370.5 | 0.000020 | 0.00012 | 0.0023 |    -    |   -  | 0.00001
25 |  237 ( 237) |  394.5 | 0.000006 | 0.00004 | 0.0009 |    -    |   -  | 0.00001
26 |  262 ( 262) |  432.0 | 0.000003 | 0.00002 | 0.0005 |    -    |   -  | 0.00000
27 |  288 ( 288) |  471.0 | 0.000002 | 0.00001 | 0.0003 |    -    |   -  | 0.00000
28 |  288 ( 288) |  498.0 | 0.000004 | 0.00003 | 0.0006 |    -    |   -  | 0.00000
29 |  316 ( 316) |  540.0 | 0.000002 | 0.00001 | 0.0003 |    -    |   -  | 0.00000
30 |  345 ( 345) |  583.5 | 0.000001 | 0.00001 | 0.0002 |    -    |   -  | 0.00000
