m=8: |G_m|=524288, top degree 75, Loewy length 76; build 643.0s, ranks 108.6s
m=8: dims u'_n = [1, 3, 6, 12, 21, 36, 60, 96, 147, 217, 315, 444, 616, 837, 1113, 1456, 1872, 2373, 2962, 3648, 4428, 5306, 6282, 7344, 8488, 9696, 10953, 12236, 13530, 14799, 16019, 17166, 18207, 19124, 19887, 20481, 20879, 21084, 21084, 20879, 20481, 19887, 19124, 18207, 17166, 16019, 14799, 13530, 12236, 10953, 9696, 8488, 7344, 6282, 5306, 4428, 3648, 2962, 2373, 1872, 1456, 1113, 837, 616, 444, 315, 217, 147, 96, 60, 36, 21, 12, 6, 3, 1]
m=8: N_sigma = 24   (ceil((top+1)/3) = 26)
m=8: ranks of sigma^k, k=0..N_sigma: [524288, 460072, 396610, 334904, 274896, 228866, 185708, 146910, 111670, 86024, 63938, 46264, 31930, 21998, 14468, 9270, 5592, 3304, 1828, 974, 464, 204, 78, 24, 0]
m=8: Jordan blocks {size: count} = {1: 754, 2: 1756, 3: 1698, 4: 13978, 5: 2872, 6: 4360, 7: 3558, 8: 9594, 9: 3560, 10: 4412, 11: 3340, 12: 4402, 13: 2402, 14: 2332, 15: 1520, 16: 1390, 17: 812, 18: 622, 19: 344, 20: 250, 21: 134, 22: 72, 23: 30, 24: 24}
m=8: #blocks = graded coker = 64216 (sum coker 64216);  |G|/N_sigma = 21845.33;  ratio = 2.9396;  mean block size 8.164
m=8: coker by degree   = [1, 3, 6, 11, 18, 30, 48, 75, 111, 157, 219, 297, 399, 522, 669, 840, 1035, 1260, 1506, 1776, 2055, 2344, 2634, 2916, 3182, 3414, 3609, 3748, 3834, 3846, 3783, 3639, 3414, 3117, 2742, 2313, 1824, 1308, 783, 287, 180, 111, 69, 39, 21, 12, 6, 3, 0, 0, 0, 0, 0, 0, 0, 0, 0, 0, 0, 0, 0, 0, 0, 0, 0, 0, 0, 0, 0, 0, 0, 0, 0, 0, 0, 0]
m=8: (1-z^3)H_m coeffs = [1, 3, 6, 11, 18, 30, 48, 75, 111, 157, 219, 297, 399, 522, 669, 840, 1035, 1260, 1506, 1776, 2055, 2344, 2634, 2916, 3182, 3414, 3609, 3748, 3834, 3846, 3783, 3636, 3408, 3105, 2721, 2274, 1755, 1197, 603, 0, -603, -1197, -1755, -2274, -2721, -3105, -3408, -3636, -3783, -3846, -3834, -3748, -3609, -3414, -3182, -2916, -2634, -2344, -2055, -1776, -1506, -1260, -1035, -840, -669, -522, -399, -297, -219, -157, -111, -75, -48, -30, -18, -11]
m=8: ker R_sigma on u'_n = [0, 0, 0, 0, 0, 0, 0, 0, 0, 0, 0, 0, 0, 0, 0, 0, 0, 0, 0, 0, 0, 0, 0, 0, 0, 0, 0, 0, 3, 6, 12, 21, 39, 69, 111, 180, 287, 783, 1308, 1824, 2313, 2742, 3117, 3414, 3639, 3783, 3846, 3834, 3748, 3609, 3414, 3182, 2916, 2634, 2344, 2055, 1776, 1506, 1260, 1035, 840, 669, 522, 399, 297, 219, 157, 111, 75, 48, 30, 18, 11, 6, 3, 1]
m=8: degrees n with R_sigma: u'_n -> u'_(n+3) non-injective: [28, 29, 30, 31, 32, 33, 34, 35, 36, 37, 38, 39, 40, 41, 42, 43, 44, 45, 46, 47, 48, 49, 50, 51, 52, 53, 54, 55, 56, 57, 58, 59, 60, 61, 62, 63, 64, 65, 66, 67, 68, 69, 70, 71, 72, 73, 74, 75]  (first = 28; top-first = 47; first coker deviation at n = 31)
m=8: degrees n where R_sigma: u'_(n-3) -> u'_n is surjective: [48, 49, 50, 51, 52, 53, 54, 55, 56, 57, 58, 59, 60, 61, 62, 63, 64, 65, 66, 67, 68, 69, 70, 71, 72, 73, 74, 75]
m=8: strings {(start degree, length): count} = {(0, 24): 1, (1, 24): 3, (2, 24): 6, (3, 22): 1, (3, 23): 6, (3, 24): 4, (4, 22): 3, (4, 23): 9, (4, 24): 6, (5, 22): 18, (5, 23): 9, (5, 24): 3, (6, 21): 13, (6, 22): 28, (6, 23): 6, (6, 24): 1, (7, 20): 3, (7, 21): 54, (7, 22): 18, (8, 20): 54, (8, 21): 54, (8, 22): 3, (9, 19): 7, (9, 20): 136, (9, 21): 13, (9, 22): 1, (10, 19): 165, (10, 20): 54, (11, 18): 129, (11, 19): 165, (11, 20): 3, (12, 16): 6, (12, 17): 22, (12, 18): 364, (12, 19): 7, (13, 16): 9, (13, 17): 384, (13, 18): 129, (14, 16): 285, (14, 17): 384, (15, 12): 6, (15, 15): 22, (15, 16): 790, (15, 17): 22, (16, 12): 12, (16, 15): 738, (16, 16): 285, (17, 12): 33, (17, 14): 480, (17, 15): 738, (17, 16): 9, (18, 8): 3, (18, 12): 63, (18, 13): 40, (18, 14): 1372, (18, 15): 22, (18, 16): 6, (19, 4): 3, (19, 8): 9, (19, 12): 123, (19, 13): 1161, (19, 14): 480, (20, 4): 6, (20, 8): 24, (20, 12): 864, (20, 13): 1161, (21, 4): 12, (21, 8): 57, (21, 11): 35, (21, 12): 2200, (21, 13): 40, (22, 4): 21, (22, 8): 114, (22, 11): 1635, (22, 12): 864, (23, 4): 39, (23, 8): 213, (23, 10): 906, (23, 11): 1635, (23, 12): 123, (24, 4): 69, (24, 8): 378, (24, 9): 37, (24, 10): 2600, (24, 11): 35, (24, 12): 63, (25, 4): 111, (25, 8): 621, (25, 9): 1743, (25, 10): 906, (25, 12): 33, (26, 4): 177, (26, 8): 1677, (26, 9): 1743, (26, 12): 12, (27, 4): 267, (27, 6): 3, (27, 7): 33, (27, 8): 3402, (27, 9): 37, (27, 12): 6, (28, 4): 402, (28, 6): 9, (28, 7): 1746, (28, 8): 1677, (29, 4): 579, (29, 6): 900, (29, 7): 1746, (29, 8): 621, (30, 4): 816, (30, 5): 20, (30, 6): 2536, (30, 7): 33, (30, 8): 378, (31, 4): 1110, (31, 5): 1416, (31, 6): 900, (31, 8): 213, (32, 2): 3, (32, 4): 1872, (32, 5): 1416, (32, 6): 9, (32, 8): 114, (33, 2): 6, (33, 3): 21, (33, 4): 3010, (33, 5): 20, (33, 6): 3, (33, 8): 57, (34, 2): 18, (34, 3): 828, (34, 4): 1872, (34, 8): 24, (35, 2): 366, (35, 3): 828, (35, 4): 1110, (35, 8): 9, (36, 1): 14, (36, 2): 970, (36, 3): 21, (36, 4): 816, (36, 8): 3, (37, 1): 363, (37, 2): 366, (37, 4): 579, (38, 1): 363, (38, 2): 18, (38, 4): 402, (39, 1): 14, (39, 2): 6, (39, 4): 267, (40, 2): 3, (40, 4): 177, (41, 4): 111, (42, 4): 69, (43, 4): 39, (44, 4): 21, (45, 4): 12, (46, 4): 6, (47, 4): 3}
